2909590755
1560444258
039590353X
1880684179
3499227657
081603494X
3612278088
1878702688
8481300683
068483278X
3000082336
3451269317
091611984X
1575660997
1558747346
1862041075
1880032546
055357826X
3499229536
1556704402
1402201400
3150089573
3492270573
1853261912
1892016702
2070524302
068804798X
1570426821
1550541609
055321490X
2266102699
1580910106
3426617463
8483072025
3423085371
031229123X
091621169X
1853262536
8420444367
1877988154
3442358809
031218087X
1561580791
1578614902
055329735X
1586601415
3257206461
1852302208
3257063415
1551521229
1558744525
2266123203
1850152063
076153007X
1551669625
2253010251
1577485955
1551669293
1559946067
3596124921
037540838X
8440672179
038524813X
1560251956
8120813871
084395096X
3785536763
1570611971
8472239586
037327291X
1557738491
1879915111
087502050X
037359688X
3257231652
2080702076
2253098450
1591160995
1561631256
1565547748
038079201X
359615541
2070372693
1556616996
1570670552
3442541077
059045417X
2266104608
1881527379
1860498345
2070367665
082176053X
1555835511
1870041038
3823855433
1552094502
067179065X
086531599X
1558602194
1564582116
2020089033
3442132649
2266083295
1551660954
2253057525
8433970100
2070408736
1842221795
1891620789
1561796344
068811363X
1852309067
3442726913
1551661578
044842004X
067189935X
2070419673
2290313734
1569310254
3404126343
3548252206
1876438053
1559724919
1559702354
3453866630
084232044X
4889960767
3442098424
1560521252
1855381125
1861053541
2070301036
2253137677
1902813286
076614674X
8478760733
055349399X
1570981094
1576734528
2253056480
9875500887
3499134780
2253030589
4770027737
1551668726
1551430096
3453212681
1930128061
3803124425
076790382X
081673593X
3822863777
1401901484
3596803268
1565920430
1893732738
014062080X
1401903096
1592640354
2266078909
042512021X
1862074925
8408020951
1582342768
9726101794
3257232624
3783119812
2070417700
014010304X
8804341971
055309503X
1559585463
2070372723
079272495X
3548241344
2070524272
1568651155
8439703384
1561383678
068808365X
3548245897
1557733090
1576834808
3548255000
067125619X
3404148932
1579901751
2253033839
3257228155
1585421596
037311608X
1559212144
1559702141
097291451X
1931294364
1556615566
1400031559
1891290002
038541739X
1563318385
085345745X
2859405313
050552550X
037324357X
1567180159
2070300668
1580050719
3293200257
1555217834
8433920324
014044114X
1853262005
2070513521
8401909015
068801397X
1558219730
1565075404
037310491X
1582600031
8401322626
1562931075
3468496818
1551669463
1571453210
082736394X
1582430160
1559724730
3822855669
3518371010
3442447488
1570827273
037380685X
1556112173
080523747X
1878448889
080703794X
8435060187
055348222X
1854596179
3426616688
1557780684
3442108381
8423972569
1841954748
1556521952
014050530X
1565120175
1566499518
1577688031
8466302360
081296800X
059600348X
044019122X
1565122593
3548245641
015151562X
1842322761
8488242441
1564782875
8495501104
038550988X
1556155123
2207306003
038076394X
1565121031
069540444X
8432206407
1552633845
034546074X
1401202020
080249238X
9507860568
068484270X
1558850864
1884718051
1576739759
055337107X
1564404757
9712706125
1556228880
051703204X
014048048X
2862607444
1561705683
031202911X
1883642760
3499211815
067988341X
1556619529
1880284324
3499203898
3442359414
037322737X
055329671X
037307803X
014035008X
1551092409
1557130779
8481300624
1879924005
3442730120
3442729807
8408044184
1561792144
050552452X
014032075X
8478809112
037371081X
1583486259
089455123X
1558704418
1573241660
1570610584
055329864X
051788268X
2070379248
8423322912
1931514739
1569712077
1583140220
8440655193
044178710X
3498020862
1894294432
2266122258
089565671X
034066049X
2207249212
1567312993
3499609339
1874597464
1573226041
8790730186
1563705567
3442413982
3499232529
038044156X
1556610408
038548318X
3608934227
1580174485
3570209806
8423333213
1569244286
8432932027
037370352X
3873290952
1591164656
4533007988
1845170423
1860461670
1561386022
074320008X
1559704055
9515323959
1555832539
1569470723
1576830160
1892389460
1562928023
1875137831
2070373630
1573441414
3442353785
3453181077
3499151731
044922371X
045120851X
1859584950
2020580322
2226086366
1555429084
1878574892
2246502012
037324374X
1556703481
043940228X
1860230202
1856261549
048627845X
8408032143
1841767638
014043254X
1573226513
3453151658
1564580687
3455302610
014200040X
9682319013
1587883899
1577488164
2700223969
3492231403
067189823X
1591161274
1568848617
2290301345
037369105X
067163822X
067121232X
8433910787
9991631429
037381013X
3426702452
2082102858
044175418X
044991173X
1592400000
3293202519
037307607X
2800122315
8806148613
082172133X
034529551X
3426608650
3548362915
1580628095
1551667967
042514495X
013385857X
2020285037
1565041755
2211068987
3442354781
031285627X
1563053004
068486813X
1851492895
8484504328
1853260738
8489714711
1559706511
1557730075
3423362618
1895811139
070220921X
3426614804
8420617539
3499178958
059063271X
3608932461
044691214X
3548255841
8445071521
096546377X
1556159005
080242516X
1576733564
1563899426
071193083X
3498095773
3407753128
8439702086
089083931X
055357440X
038072054X
1591132290
3492265138
2020385805
1591130875
1895455820
031041511X
1878424076
8425334152
2253041939
1570422230
074343112X
038081613X
1895837413
2711414299
1565111273
1562057138
037344110X
2203001100
1566635586
034538430X
1897766467
8493288659
1565924959
8488471009
1575667622
2266023039
092023691X
3478083338
8440648375
3401021346
089107810X
3785720157
2253140503
1885564112
014062225X
068981321X
3502518785
084230522X
1578632900
1587882299
091024474X
2080704001
020110623X
1555601901
1583940839
3596148464
8484504336
3190021430
3570014711
1575843730
8449417260
071481749X
1584652829
051513631X
8423977684
1569312125
3548601308
044185947X
1586852175
1555601561
3404161874
1561441279
074324964X
2207253252
055334577X
2226064605
1853260347
045303053X
1880446219
1585742554
3426621584
1586851101
1562474855
1567405703
015501482X
1878424092
1559704829
3446203508
2264035528
2253146528
038532006X
1556615558
094655157X
1564588904
1583144293
087596964X
074991162X
1840224002
3746618169
1551641267
3505042145
1887159665
057505526X
1587156393
067086207X
8427285256
1559946695
B0000AA9JB
075820230X
3442357314
094535231X
8440681798
3257061153
3548243118
9681905628
1567992013
1577940040
038549369X
1400046394
1856263975
2718605359
2070414272
1584790261
1853261335
2740410425
014032870X
051706121X
1568026536
2831507510
3453131444
042514092X
3404186516
1555530249
3129292322
1853260339
2092703366
1585442372
038501029X
8482564218
3257232551
087105115X
096496662X
037319210X
8433923420
1558746587
1560250526
1582700516
8432027014
1577656954
075151859X
015667601X
1570718601
1931514577
1854102257
1897959125
394717805
1400034817
037302147X
1588452832
3892712123
044661260X
8423958930
068984445X
1573222437
1585673137
1879431939
3442720613
1878901621
1567310877
1551111365
044100119X
087011364X
8423918319
3426192543
1570649685
8817151343
1576750213
1578565014
1576831345
8401499534
1551926210
1555835341
3442545544
2070416852
051512866X
2290314781
1891620452
3518373080
1580621716
3786704643
083177892X
075530540X
3492041620
1561797308
2070401669
055329315X
067172651X
055347331X
1578064716
068485760X
044166251X
1567184243
1863150714
034540453X
1558177671
1592261914
1571201769
1875137750
091031330X
1551920093
1572240377
1556610807
055327788X
1567184472
3453160185
058254159X
038082079X
1572315598
031286003X
9997408128
1856276112
2070367649
067102597X
044920880X
2290316776
2707310050
2070417050
1580812082
031228912X
8408044192
2253148008
037328604X
1569719349
1564585166
3442441641
055323983X
3548255922
096347393X
1551660210
1566091381
059040427X
2717819800
1568820984
1556523025
059041948X
074324768X
1841490873
1575840146
082176862X
082176067X
3499231913
2831562988
3442540356
1551430746
1904034829
080507144X
082174397X
1565123808
8440648367
1855382962
014017530X
055358118X
1578562341
1883423015
1854582755
080411952X
044652106X
1560254424
078686236X
3791535323
1558703861
1564772187
037350182X
3801501493
039331409X
2253030090
1580631673
1565543173
1569550425
2869306822
1582340676
1551666936
055325622X
1575664267
1558505369
8466304398
3821807059
1841121509
015601226X
067184685X
1557732647
076790818X
067103412X
8408037412
067153615X
2253153982
088266591X
037310930X
1569312540
1878995219
1579900291
1853264784
8485047478
8467001275
082530315X
8401497833
015540475X
1558022937
3492270433
019282757X
074322454X
3453189345
8401341574
9676107956
1578567610
038531129X
031037281X
1571515860
1585670294
1858546818
1881955346
067188560X
1557489904
2825408743
080728050X
1558171657
2262005117
3423117427
030709362X
3716022616
1573440752
2859405127
020187072X
3466300142
1572242876
044920085X
037329090X
082173976X
1565116941
089919334X
3476015858
1931514607
2253072087
8185107963
031213200X
084393784X
1880141981
087140284X
1571740627
2266118102
1558504338
1559705817
2894500998
8478447229
044050838X
081956298X
2844120601
067102020X
3257230303
1565049365
1593101155
071530982X
038547458X
081914262X
3789122424
088404999X
1557733759
014038068X
8423901122
3716040037
051770739X
1590520378
8429443312
1858289602
2265072877
031206490X
8433968513
039585993X
037376037X
1885167555
1861052073
039304002X
037312399X
037321829X
1404338357
3462000535
9500820196
067175324X
089079698X
2020352257
8471766612
1880656531
1881274012
1558177884
084313805X
1556611005
1853611727
076791340X
1576739279
3785715390
037362526X
1740593502
1551664615
8479541989
8420616419
1898660093
1555131239
2742723757
3442423104
3426615150
1555323553
1552976246
1563151448
2253002933
8472832449
1559242795
1569316422
3426612453
1582402531
067164193X
1567183964
1558176748
8425333857
2226058710
1563054418
1400061776
1878923102
1857987861
9029048956
3442415993
2253076562
B0000C2W66
037305260X
1551668734
3548256058
1558506462
3596147379
3499105810
3453171861
1881588157
8432230308
1561481297
1857591135
1565072375
2080800353
1878702769
034538623X
2070425827
1856352080
3442448638
014200202X
1573921270
8423309878
1561712353
1557735204
3538069247
089083718X
8476728379
037322348X
044840172X
1582701156
8478950842
034535902X
1883013410
044133850X
1578518229
030712794X
9504905455
1853917524
3442428785
093158079X
2070394328
1560761199
1565122992
1572319038
2266031619
1878448625
1561737240
014004891X
037338713X
097045760X
1400060060
8433908804
1857926811
3551755345
3423126949
078972443X
055325491X
3423032294
1855857588
1401300464
1840135751
1564651584
060057461X
8423972062
8486587255
8433923285
8478888845
3822819735
1562827758
1864500581
038070384X
081184305X
8477201447
1853262226
1560760761
1578515823
1841932094
1569551944
2277235059
3498006312
067177543X
082177557X
074600365X
1843532751
3492204791
1883642388
2290303607
1862544867
2207253465
8432207829
1564311821
055324292X
8401014441
1565631706
2253150150
2070383873
1583488006
8472238350
3453179455
051728863X
1573248231
1556508662
8474861063
080707103X
3442416523
060980796X
3453162935
1556112777
1841000612
055299863X
3518367560
1400010438
1555602983
1400040558
8486433770
1569472807
059033980X
1931686319
1559501049
3423123095
044040830X
3453150244
042518613X
2800100133
2207305996
046087246X
8408033425
3442241332
2702415547
2253150185
091031103X
1573221775
043922165X
2226131566
3499433257
074324527X
1562827804
1929049021
8445073559
3257224648
1564581675
1578150205
1844262553
1878058525
1570719837
1586631152
8440627203
1892738325
2020226510
1740594681
1563410559
1564144879
1563891034
1580631312
1561387398
1566492246
2067004417
1883013399
1593080433
1576575179
2264034866
081203998X
093237994X
1570642370
1555472141
8440619715
1577484681
9721037796
3895084573
3499221306
1586605534
067179339X
034064835X
1853816701
1865084336
2070380920
059041447X
1902852095
3499232146
3530821306
8424139070
1840280298
1556520794
038529302X
1575661489
1573440736
059046020X
1403311560
1570361649
1568821042
1580630340
B0000C7BMU
3499150913
3548601316
2869596235
3518386425
8433906992
3499221918
037302925X
8440668058
1854091883
039331295X
1555972926
1565121317
038089596X
034529369X
3746652618
1893361705
1580060218
1591161142
027362685X
1890862185
014038572X
044661159X
052524655X
3803123704
1841125644
1879045036
057505980X
1567180167
037351316X
075820499X
3423119918
1582342644
2070418375
1563896443
1572701382
043921727X
3548250386
3551012164
1558215662
3551552584
075151912X
1590510399
2253145688
1565122321
000599134X
1841950483
038078243X
1842225685
3596152283
2290315702
031287216X
8478131159
044040438X
080410297X
034543529X
3426776014
1880656574
031208188X
1854877151
1568821263
8435005585
053466542X
055314488X
1551667568
1591821541
2020147467
1578562961
059041190X
1565122399
1841581283
8401324777
1559706856
3777611859
076490616X
087581414X
8495501090
9676112275
3404203739
3701173311
044079515X
024112073X
052348044X
2253076287
044690354X
067174478X
014026289X
3552051805
1863253866
1565120752
9997508750
1892213605
1565117212
044035157X
2266047450
3803122864
081670046X
037322138X
1400001196
3257233396
3822813397
8983142545
1582291209
8437609402
2253008621
8474443547
1556702019
3596152844
1582343845
8432216062
081671066X
1576751511
2702130739
051753505X
3453126521
1574411586
055324759X
067176103X
3499111764
043945543X
1556611196
2742702725
037330112X
1576739740
1552781542
3548359310
1558536930
9500723573
1591299640
1852309016
2207305546
8440691475
